1
4
0 5 327677 
327670 4 2 
3 3 0 2 
32767327671 0 
1 
1 2 
NULL
1 4 
NULL
2 
2 3 
2 4 
3 1 
3 2 
3 
3 4 
NULL
NULL
4 3 
4 
0 5 9 7 
327670 4 2 
3 3 0 2 
32767327671 0 
1 
1 2 
1 2 3 
1 4 
NULL
2 
2 3 
2 4 
3 1 
3 2 
3 
3 4 
NULL
NULL
4 3 
4 
0 5 9 7 
7 0 4 2 
3 3 0 2 
4 4 1 0 
1 
1 2 
1 2 3 
1 4 
2 3 1 
2 
2 3 
2 4 
3 1 
3 2 
3 
3 4 
4 3 1 
4 3 2 
4 3 
4 
0 5 8 7 
6 0 3 2 
3 3 0 2 
4 4 1 0 
1 
1 2 
1 4 3 
1 4 
2 4 3 1 
2 
2 4 3 
2 4 
3 1 
3 2 
3 
3 4 
4 3 1 
4 3 2 
4 3 
4 
